8 8 8

59  33  66  100  31  76  22  42  
97  89  78  67  27  36  59  89  
71  77  16  46  44  60  34  24  
14  10  39  64  45  33  45  26  
90  41  76  63  52  17  5  59  
91  84  65  49  100  51  81  44  
62  21  10  43  42  9  85  12  
39  12  99  11  45  77  98  15  

4  27  60  87  25  28  82  90  
51  44  39  73  33  59  71  60  
36  58  81  87  9  96  82  68  
68  28  48  13  30  37  99  97  
64  17  65  74  15  62  47  71  
74  88  25  7  35  64  64  59  
52  76  83  87  91  72  100  20  
15  87  2  11  78  62  63  90  

0 0 0 0 0 